
    tensor([[[0.7020, 0.7412, 0.7765,  ..., 0.6706, 0.6902, 0.7137],
             [0.7333, 0.7294, 0.7451,  ..., 0.3137, 0.3255, 0.3569],
             [0.4706, 0.4000, 0.3686,  ..., 0.0902, 0.1098, 0.1137],
             ...,
             [0.0275, 0.0510, 0.0314,  ..., 0.1176, 0.1373, 0.1255],
             [0.0118, 0.0118, 0.0118,  ..., 0.5529, 0.5373, 0.4824],
             [0.2863, 0.3255, 0.3333,  ..., 0.5490, 0.4078, 0.3647]],
    
            [[0.7020, 0.7412, 0.7765,  ..., 0.6706, 0.6902, 0.7137],
             [0.7333, 0.7294, 0.7451,  ..., 0.3137, 0.3255, 0.3569],
             [0.4706, 0.4000, 0.3686,  ..., 0.0902, 0.1098, 0.1137],
             ...,
             [0.0275, 0.0510, 0.0314,  ..., 0.1176, 0.1373, 0.1255],
             [0.0118, 0.0118, 0.0118,  ..., 0.5529, 0.5373, 0.4824],
             [0.2863, 0.3255, 0.3333,  ..., 0.5490, 0.4078, 0.3647]],
    
            [[0.7020, 0.7412, 0.7765,  ..., 0.6706, 0.6902, 0.7137],
             [0.7333, 0.7294, 0.7451,  ..., 0.3137, 0.3255, 0.3569],
             [0.4706, 0.4000, 0.3686,  ..., 0.0902, 0.1098, 0.1137],
             ...,
             [0.0275, 0.0510, 0.0314,  ..., 0.1176, 0.1373, 0.1255],
             [0.0118, 0.0118, 0.0118,  ..., 0.5529, 0.5373, 0.4824],
             [0.2863, 0.3255, 0.3333,  ..., 0.5490, 0.4078, 0.3647]]],
           device='cuda:0')

